Dictionary Word Statistics

Average Length of a Word: 9.0

Frequency of Letters
	a: 83.51279855523431
	b: 16.54951968323682
	c: 42.79355281788661
	d: 28.50571886419711
	e: 99.37554581450362
	f: 10.0417150657521
	g: 19.53316432514011
	h: 26.800234011344465
	i: 85.01394741527687
	j: 1.1374138354968077
	k: 6.618451285790594
	l: 54.85276786244203
	m: 29.155185131800955
	n: 67.00736796588183
	o: 72.09499503997694
	p: 32.164689723001786
	q: 1.5503251570673968
	r: 67.94341334373384
	s: 58.13782929041995
	t: 64.12165198443316
	u: 36.943693139906564
	v: 8.400668119345786
	w: 5.734549740128706
	x: 2.899705790085041
	y: 21.850385355637894
	z: 3.488973487192966

Frequency of Proper Names/Nouns: 10.68270266145511%

Words Beginning with Letter
	a: 17096
	b: 11070
	c: 19901
	d: 10896
	e: 8736
	f: 6860
	g: 6861
	h: 9027
	i: 8799
	j: 1642
	k: 2281
	l: 6284
	m: 12616
	n: 6780
	o: 7849
	p: 24461
	q: 1152
	r: 9671
	s: 25162
	t: 12966
	u: 16387
	v: 3440
	w: 3944
	x: 385
	y: 671
	z: 949
